Device: NVIDIA GeForce RTX 3090 Ti
Epochs: 200
Testing Time:
  Mean: 0.02711304879998124
  SD: 0.001556375750827634
Training Time:
  Mean: 62.84817459489999
  SD: 0.6541257424609322
