Device: NVIDIA GeForce RTX 3090 Ti
Epochs: 1500
Testing Time:
  Mean: 0.02160109850083245
  SD: 0.0012934443157878348
Training Time:
  Mean: 373.3343043433997
  SD: 1.273419111020997
