Device: NVIDIA GeForce RTX 3090 Ti
Epochs: 150
Testing Time:
  Mean: 0.026591415900017523
  SD: 0.0018460382163078388
Training Time:
  Mean: 45.80653572839999
  SD: 1.0778759014277548
