Device: NVIDIA GeForce RTX 3090 Ti
Epochs: 150
Testing Time:
  Mean: 0.021747680501721333
  SD: 0.00233587672437707
Training Time:
  Mean: 37.32420889259811
  SD: 0.3173858961662715
