Device: NVIDIA GeForce RTX 3090 Ti
Epochs: 2500
Testing Time:
  Mean: 0.02077930200030096
  SD: 0.0019651075149861694
Training Time:
  Mean: 614.4624577090988
  SD: 15.961769843872109
