Device: NVIDIA GeForce RTX 3090 Ti
Epochs: 200
Testing Time:
  Mean: 0.021409790602046997
  SD: 0.0010504048246635133
Training Time:
  Mean: 49.71436237850139
  SD: 0.49892565426905544
