Device: NVIDIA GeForce RTX 3090 Ti
Epochs: 600
Testing Time:
  Mean: 0.02500218250004309
  SD: 0.0018895990837766185
Training Time:
  Mean: 180.02440154140004
  SD: 3.1900688037770744
