Device: NVIDIA GeForce RTX 3090 Ti
Epochs: 1500
Testing Time:
  Mean: 0.02614106060003678
  SD: 0.001870858414261547
Training Time:
  Mean: 461.5748466602
  SD: 8.064908189713421
