Device: NVIDIA GeForce RTX 3090 Ti
Epochs: 600
Testing Time:
  Mean: 0.021461907601042184
  SD: 0.0016180660726735588
Training Time:
  Mean: 148.6566849213021
  SD: 1.0618402445898683
