Device: NVIDIA GeForce RTX 3090 Ti
Epochs: 2500
Testing Time:
  Mean: 0.023902911000072892
  SD: 0.0017640840764947582
Training Time:
  Mean: 740.9299459207002
  SD: 3.0268420877859756
